1 3 0 -0.868836 -0.0943849 -0.433135 5400
1 3 0 0.00898106 0.0338014 -0.40216 5399
1 3 0 -0.888256 -0.320691 0.13146 5398
1 3 0 0.908478 0.210518 -0.245097 5397
1 3 0 -1.05516 -0.344454 0.316485 5396
1 3 0 -1.36841 -0.167706 -0.343617 5395
1 3 0 -1.20651 0.100154 -0.177041 5394
1 3 0 -0.948451 0.444142 -0.0445681 5393
1 3 0 1.2186 -0.0879923 -0.147281 5392
1 3 0 1.57555 -0.194202 0.358245 5391
1 3 0 0.060166 0.0648959 0.153797 5390
1 3 0 -0.697508 -0.21618 0.368833 5389
1 3 0 1.02279 0.178741 0.00119447 5388
1 3 0 1.76329 -0.0638492 -0.304747 5387
1 3 0 -1.44878 0.31338 -0.163453 5386
1 3 0 0.559187 -0.275162 0.320659 5385
1 3 0 0.193118 0.104303 -0.480756 5384
1 3 0 1.84769 -0.263042 0.172465 5383
1 3 0 1.0204 -0.393194 0.251453 5382
1 3 0 -1.31055 -0.0497366 0.0374517 5381
1 3 0 -0.0995927 0.0582919 0.160153 5380
1 3 0 1.50707 0.187272 -0.0903948 5379
1 3 0 -0.569913 0.125523 0.222978 5378
1 3 0 -0.572712 0.10723 -0.327428 5377
1 3 0 -1.29337 -0.153103 0.181871 5376
1 3 0 0.185706 0.0657062 0.222659 5375
1 3 0 -1.15263 -0.272709 0.0259671 5374
1 3 0 1.37965 0.115071 -0.195071 5373
1 3 0 1.34469 -0.483844 0.027382 5372
1 3 0 -0.213307 -0.406712 -0.188633 5371
1 3 0 1.50103 -0.195472 0.221246 5370
1 3 0 -1.47595 0.0529217 0.40449 5369
1 3 0 -1.62627 -0.0917254 -0.411473 5368
1 3 0 0.914444 0.203551 -0.405769 5367
1 3 0 1.28736 0.10901 -0.3288 5366
1 3 0 -0.799898 0.276319 0.144748 5365
1 3 0 1.04024 0.0425951 0.0871967 5364
1 3 0 1.18622 -0.054015 -0.260176 5363
1 3 0 1.46238 0.383682 0.208863 5362
1 3 0 -0.0196465 -0.0462973 -0.318064 5361
1 3 0 1.07379 0.070065 -0.15685 5360
1 3 0 0.600537 -0.0316955 0.364783 5359
1 3 0 1.70871 -0.0831754 -0.185359 5358
1 3 0 0.393169 0.0568122 0.472017 5357
1 3 0 -1.0525 -0.238015 -0.0277126 5356
1 3 0 0.844652 0.253982 -0.00901077 5355
1 3 0 1.75294 -0.131581 0.369273 5354
1 3 0 -0.339659 0.209949 0.0939051 5353
1 3 0 0.330993 0.329214 0.373242 5352
1 3 0 -1.14908 0.0320764 -0.204151 5351
1 3 0 -1.49846 -0.0189588 -0.236583 5350
1 3 0 -1.78398 -0.327241 0.122094 5349
1 3 0 0.910256 0.315953 0.314051 5348
1 3 0 -0.208729 -0.174879 -0.401787 5347
1 3 0 1.36049 0.0032825 0.457059 5346
1 3 0 1.32608 0.242746 -0.122405 5345
1 3 0 1.44955 -0.162433 0.214128 5344
1 3 0 -1.12528 0.295644 0.253709 5343
1 3 0 -0.055622 -0.209953 -0.111667 5342
1 3 0 1.49405 -0.228403 -0.396503 5341
1 3 0 1.72872 -0.0306248 -0.0260115 5340
1 3 0 -0.189807 0.179526 -0.328334 5339
1 3 0 -1.56912 0.474204 -0.0390765 5338
1 3 0 -0.757416 0.324448 -0.0589883 5337
1 3 0 1.41161 0.0889935 -0.0719489 5336
1 3 0 -0.0393409 0.369138 -0.0266856 5335
1 3 0 -0.892693 0.0986497 0.0706206 5334
1 3 0 1.18539 -0.366632 -0.0222767 5333
1 3 0 1.46819 -0.166401 0.0239706 5332
1 3 0 -1.18702 0.331007 -0.240798 5331
1 3 0 0.0436322 -0.39794 0.0660153 5330
1 3 0 -0.489311 -0.317897 0.209798 5329
1 3 0 0.457117 0.257145 0.320151 5328
1 3 0 -1.08302 0.218171 0.105089 5327
1 3 0 1.0459 0.191695 -0.355356 5326
1 3 0 0.210327 0.11282 -0.216487 5325
1 3 0 0.900361 -0.281889 -0.135622 5324
1 3 0 -1.31284 0.189075 0.283741 5323
1 3 0 -1.86393 -0.141849 -0.145955 5322
1 3 0 0.3957 0.240708 0.0613113 5321
1 3 0 0.457824 -0.394411 -0.172181 5320
1 3 0 -1.31905 0.0088144 -0.408625 5319
1 3 0 -1.04218 0.319554 0.340585 5318
1 3 0 1.13709 0.213281 0.364581 5317
1 3 0 0.268917 0.242839 0.376939 5316
1 3 0 -1.0551 -0.0114246 -0.0873424 5315
1 3 0 1.42867 0.397973 0.0539322 5314
1 3 0 -1.21008 -0.279352 -0.344066 5313
1 3 0 -1.00089 0.0116127 -0.384149 5312
1 3 0 -0.76217 0.245124 0.415134 5311
1 3 0 -1.02121 -0.292205 0.331317 5310
1 3 0 0.979749 0.350879 0.192233 5309
1 3 0 -0.611514 -0.0562329 0.0845775 5308
1 3 0 1.7685 -0.0477298 0.384858 5307
1 3 0 1.35339 0.284121 0.0117567 5306
1 3 0 0.756849 -0.293372 0.193555 5305
1 3 0 1.19536 0.0827594 0.427334 5304
1 3 0 0.821789 -0.256852 0.198014 5303
1 3 0 -0.43663 0.372882 0.270257 5302
1 3 0 -0.905853 -0.201116 0.143812 5301
1 3 0 0.853286 -0.063681 0.485733 5300
1 3 0 0.572558 0.278586 0.399098 5299
1 3 0 -1.06039 -0.199345 0.35889 5298
1 3 0 -0.0195116 -0.371992 0.0332498 5297
1 3 0 1.0345 0.461194 -0.0263879 5296
1 3 0 -1.53967 0.370203 0.0159317 5295
1 3 0 0.862273 0.4668 0.107892 5294
1 3 0 -0.793338 0.197036 -0.302042 5293
1 3 0 -0.370559 -0.131836 0.213959 5292
1 3 0 0.902104 0.0278641 -0.019621 5291
1 3 0 -1.1489 0.469926 -0.0247204 5290
1 3 0 0.219041 0.0850475 0.0621608 5289
1 3 0 0.109789 -0.00320093 -0.147936 5288
1 3 0 -0.689202 0.121904 -0.483551 5287
1 3 0 0.812452 -0.255713 0.339435 5286
1 3 0 0.489983 -0.114064 -0.455463 5285
1 3 0 1.87999 0.25646 -0.044532 5284
1 3 0 0.0475343 -0.35827 0.171444 5283
1 3 0 -0.126188 -0.122499 0.317909 5282
1 3 0 -1.0555 0.366991 -0.271487 5281
1 3 0 -1.1679 0.131292 -0.199057 5280
1 3 0 -0.644766 -0.259437 -0.347362 5279
1 3 0 -1.66893 -0.273777 0.046241 5278
1 3 0 0.261785 0.380111 -0.202386 5277
1 3 0 -1.09897 0.181069 -0.378244 5276
1 3 0 0.255297 0.275153 0.100525 5275
1 3 0 0.516845 -0.343284 0.0234564 5274
1 3 0 -0.218792 0.27493 -0.301912 5273
1 3 0 -0.0352406 -0.490834 0.050013 5272
1 3 0 1.02726 0.118475 -0.398865 5271
1 3 0 -1.31889 -0.295908 -0.321485 5270
1 3 0 0.0688057 -0.00516334 -0.334844 5269
1 3 0 -0.231263 -0.13602 -0.117591 5268
1 3 0 -0.288993 0.244975 0.137322 5267
1 3 0 1.90633 0.257748 -0.0931021 5266
1 3 0 0.07645 0.23456 0.383459 5265
1 3 0 -0.465158 -0.483618 0.0491846 5264
1 3 0 0.703401 0.400764 0.022093 5263
1 3 0 0.219243 -0.337536 0.335957 5262
1 3 0 -1.19278 -0.00216975 0.353918 5261
1 3 0 -0.372688 0.00597658 0.0408168 5260
1 3 0 -1.38501 0.00560285 0.042416 5259
1 3 0 0.144407 -0.41348 0.0115842 5258
1 3 0 -0.907102 0.102936 0.218517 5257
1 3 0 1.76966 -0.0899785 -0.233332 5256
1 3 0 -0.32075 -0.207244 -0.410172 5255
1 3 0 1.36354 -0.260033 0.360856 5254
1 3 0 -1.48274 0.213041 -0.434394 5253
1 3 0 0.230773 -0.0913153 0.104686 5252
1 3 0 1.06718 -0.0952863 -0.178078 5251
1 3 0 -0.217076 0.184001 0.29861 5250
1 3 0 -1.43243 0.2342 -0.400391 5249
1 3 0 -0.989797 -0.13938 -0.246472 5248
1 3 0 -0.925649 0.149135 0.214407 5247
1 3 0 -0.208391 0.277446 -0.0166546 5246
1 3 0 0.824533 -0.337446 -0.096774 5245
1 3 0 -0.756712 -0.170121 -0.146067 5244
1 3 0 1.16423 0.494886 -0.0029489 5243
1 3 0 -0.469897 0.111932 0.269113 5242
1 3 0 0.314985 -0.19402 -0.403575 5241
1 3 0 -1.08275 -0.295267 0.132767 5240
1 3 0 -1.75696 0.194367 0.261249 5239
1 3 0 1.15924 0.0696742 -0.451754 5238
1 3 0 -0.690536 0.0660053 -0.463697 5237
1 3 0 0.555784 0.0233065 0.16374 5236
1 3 0 0.0311043 0.0818927 0.0264697 5235
1 3 0 -1.8666 0.300176 -0.109524 5234
1 3 0 1.01616 0.319333 -0.173852 5233
1 3 0 -1.71182 0.128933 -0.318283 5232
1 3 0 -1.14218 0.417538 0.198341 5231
1 3 0 0.515211 0.470612 -0.0645941 5230
1 3 0 -0.621932 0.204888 -0.273998 5229
1 3 0 1.84467 0.260892 -0.132955 5228
1 3 0 -1.35035 -0.162457 0.397865 5227
1 3 0 0.200544 -0.423708 -0.00587446 5226
1 3 0 1.51262 0.473819 0.00644758 5225
1 3 0 -0.804511 -0.1664 0.250428 5224
1 3 0 -1.13323 0.201233 0.251128 5223
1 3 0 1.94206 0.102108 0.0768439 5222
1 3 0 -1.7591 -0.015979 0.00982047 5221
1 3 0 0.202414 -0.146357 -0.35919 5220
1 3 0 -1.29102 0.401648 -0.204338 5219
1 3 0 -0.636004 -0.0828733 -0.407394 5218
1 3 0 1.24337 -0.359343 0.172872 5217
1 3 0 1.27713 0.474936 0.0153743 5216
1 3 0 0.140241 0.000727692 -0.0342388 5215
1 3 0 -1.03677 0.20228 -0.122117 5214
1 3 0 1.38975 -0.435236 -0.121597 5213
1 3 0 1.71891 0.12622 0.201253 5212
1 3 0 1.63526 0.325639 -0.0602692 5211
1 3 0 1.31231 0.000254645 0.244128 5210
1 3 0 1.38951 -0.355867 -0.220893 5209
1 3 0 1.38294 -0.354748 -0.340392 5208
1 3 0 0.394885 -0.126253 0.478717 5207
1 3 0 -0.417923 0.192591 0.357291 5206
1 3 0 -0.160082 0.275264 0.0472967 5205
1 3 0 0.980893 0.308728 -0.0568424 5204
1 3 0 0.0361735 -0.107539 -0.110225 5203
1 3 0 1.23386 -0.250204 -0.0579333 5202
1 3 0 0.867534 0.219168 -0.147145 5201
1 3 0 -0.201019 -0.0735891 -0.126339 5200
1 3 0 1.64398 -0.0492574 -0.141435 5199
1 3 0 -0.114616 -0.0663045 0.37295 5198
1 3 0 -1.72959 0.183688 0.234664 5197
1 3 0 -0.145905 -0.281619 0.336635 5196
1 3 0 -0.865674 -0.0643235 0.296961 5195
1 3 0 -0.917976 -0.18633 0.416802 5194
1 3 0 1.65967 0.282931 -0.0543126 5193
1 3 0 -1.59801 0.215801 0.203518 5192
1 3 0 -0.394319 -0.0410903 0.0154382 5191
1 3 0 -0.70386 -0.0337913 -0.0793679 5190
1 3 0 0.687915 -0.129943 0.15726 5189
1 3 0 -1.40005 0.499837 0.00131257 5188
1 3 0 1.01762 0.276653 0.0369046 5187
1 3 0 1.2111 -0.0244154 0.410714 5186
1 3 0 -0.431178 -0.367782 -0.088617 5185
1 3 0 0.369683 0.245606 0.405467 5184
1 3 0 -1.93108 -0.208564 -0.0520512 5183
1 3 0 -0.891338 0.234721 0.203627 5182
1 3 0 -0.862396 0.363328 -0.235718 5181
1 3 0 1.93534 -0.193907 0.0832011 5180
1 3 0 -0.422534 -0.422901 0.083161 5179
1 3 0 1.62807 0.116051 0.205136 5178
1 3 0 -0.518911 0.0203622 0.349708 5177
1 3 0 1.70386 0.205054 -0.13695 5176
1 3 0 -1.73301 -0.0434317 0.095678 5175
1 3 0 -0.798298 -0.125173 0.407185 5174
1 3 0 -0.433847 -0.00162055 -0.446395 5173
1 3 0 0.811928 0.127299 0.324674 5172
1 3 0 -0.825525 0.158176 0.19679 5171
1 3 0 -1.52828 0.0908705 -0.278535 5170
1 3 0 0.0868962 0.202652 0.452934 5169
1 3 0 -0.881304 0.243984 -0.126646 5168
1 3 0 0.721733 -0.0288784 -0.246771 5167
1 3 0 -0.528258 -0.282878 0.0628835 5166
1 3 0 -1.34117 0.386878 -0.185334 5165
1 3 0 1.86762 0.0298111 -0.205569 5164
1 3 0 -0.393096 -0.0954432 -0.0533027 5163
1 3 0 0.0105061 -0.430954 -0.206567 5162
1 3 0 -0.540103 0.172638 0.163151 5161
1 3 0 -1.02251 0.485719 -0.000570434 5160
1 3 0 1.95333 -0.115237 0.0570126 5159
1 3 0 -0.271858 0.362343 0.155238 5158
1 3 0 0.348651 -0.456944 0.0439013 5157
1 3 0 -0.0433966 0.0240879 -0.492038 5156
1 3 0 0.237299 -0.0363489 -0.245036 5155
1 3 0 1.06873 -0.188602 0.175077 5154
1 3 0 -0.883345 0.0851039 0.442129 5153
1 3 0 -1.55846 -0.263533 0.417291 5152
1 3 0 0.794718 -0.119766 0.383551 5151
1 3 0 -0.599975 0.152917 0.0766596 5150
1 3 0 0.631982 -0.0425888 0.321364 5149
1 3 0 -0.364315 -0.0400646 -0.363009 5148
1 3 0 1.42058 -0.250013 -0.171542 5147
1 3 0 -0.563112 -0.262214 -0.279803 5146
1 3 0 -1.65109 -0.371495 -0.240514 5145
1 3 0 -1.51787 0.0373527 0.290381 5144
1 3 0 1.74927 -0.196379 -0.189151 5143
1 3 0 1.13506 -0.121999 -0.0115418 5142
1 3 0 -0.583515 -0.182083 0.459608 5141
1 3 0 0.977073 -0.238074 0.131019 5140
1 3 0 -0.358956 -0.0867288 -0.291634 5139
1 3 0 -0.309085 0.308069 -0.252678 5138
1 3 0 -1.51192 -0.30789 -0.00162254 5137
1 3 0 0.483664 0.226886 -0.0899864 5136
1 3 0 -0.70237 -0.239146 -0.152058 5135
1 3 0 1.4712 -0.265132 0.379213 5134
1 3 0 1.43222 -0.0850816 0.363605 5133
1 3 0 1.52363 0.14609 -0.423743 5132
1 3 0 -1.08251 -0.0594355 0.314742 5131
1 3 0 0.406419 0.275322 -0.0201878 5130
1 3 0 0.581206 -0.135051 0.244612 5129
1 3 0 -1.20043 0.129266 0.448691 5128
1 3 0 1.53204 -0.173054 0.28872 5127
1 3 0 -0.0834011 -0.0152715 0.0783222 5126
1 3 0 0.682166 -0.252322 0.418954 5125
1 3 0 1.05191 -0.414154 0.169445 5124
1 3 0 -1.03899 -0.102534 0.217837 5123
1 3 0 1.65094 -0.0571827 -0.352553 5122
1 3 0 -0.156677 0.0446175 -0.0370792 5121
1 3 0 -0.976945 0.246147 -0.300669 5120
1 3 0 -1.56019 -0.0505955 0.377839 5119
1 3 0 -1.27937 -0.298284 -0.388288 5118
1 3 0 -1.48562 -0.159578 0.339603 5117
1 3 0 -0.341821 -0.129469 0.203323 5116
1 3 0 -0.188856 0.134541 -0.0653533 5115
1 3 0 -0.723452 0.359697 0.268787 5114
1 3 0 0.415698 -0.4413 -0.145709 5113
1 3 0 0.72862 0.123252 0.373979 5112
1 3 0 0.360651 0.148862 -0.341492 5111
1 3 0 -0.320797 -0.301562 -0.129256 5110
1 3 0 1.90977 0.240314 0.111327 5109
1 3 0 0.469157 -0.117791 0.0431091 5108
1 3 0 0.607253 0.0576027 0.268178 5107
1 3 0 -1.56558 -0.284019 -0.367383 5106
1 3 0 -0.874453 0.438351 -0.00112587 5105
1 3 0 0.514977 -0.386193 0.152418 5104
1 3 0 1.24383 0.0522355 -0.196093 5103
1 3 0 0.574513 0.21705 -0.0204173 5102
1 3 0 -1.43484 -0.378539 -0.119246 5101
1 3 0 -1.61737 -0.067141 -0.456701 5100
1 3 0 -1.16837 -0.452141 0.0159993 5099
1 3 0 -0.201361 0.0610635 0.381293 5098
1 3 0 -1.41951 -0.407183 0.00765517 5097
1 3 0 -0.805061 -0.324654 0.306778 5096
1 3 0 0.212656 -0.00603048 0.0324622 5095
1 3 0 1.05829 -0.00472575 0.404358 5094
1 3 0 1.95501 0.0225499 0.0463941 5093
1 3 0 -1.39844 -0.0198626 0.2447 5092
1 3 0 1.85485 -0.00082153 -0.157194 5091
1 3 0 0.336982 0.158732 0.453901 5090
1 3 0 -0.227802 0.00443814 -0.0715381 5089
1 3 0 0.715371 -0.272358 -0.0163586 5088
1 3 0 -0.621261 -0.0398414 0.2765 5087
1 3 0 -1.06269 -0.376755 0.299209 5086
1 3 0 -0.454139 -0.354157 -0.0309917 5085
1 3 0 -0.801133 -0.0192498 0.0155541 5084
1 3 0 0.0505882 0.36758 0.0689448 5083
1 3 0 -0.230269 -0.202187 -0.194007 5082
1 3 0 1.09984 -0.0976506 -0.408593 5081
1 3 0 -0.764189 -0.28167 -0.125624 5080
1 3 0 -0.072266 -0.146407 -0.335743 5079
1 3 0 0.856726 0.431134 -0.1369 5078
1 3 0 1.0289 -0.206919 0.159196 5077
1 3 0 0.48054 0.00405611 -0.475536 5076
1 3 0 0.816957 0.320661 0.159037 5075
1 3 0 1.615 0.372308 -0.280052 5074
1 3 0 1.52519 -0.0320784 -0.166374 5073
1 3 0 -1.02283 0.246164 0.25527 5072
1 3 0 1.39638 0.311014 -0.184204 5071
1 3 0 -0.0826102 0.157395 -0.289749 5070
1 3 0 0.135303 -0.0867627 -0.066829 5069
1 3 0 1.19838 0.482679 0.0200325 5068
1 3 0 -1.84018 -0.125377 0.297295 5067
1 3 0 1.28451 0.0499984 0.493602 5066
1 3 0 0.637521 -0.458522 0.171887 5065
1 3 0 -0.0381763 0.348078 0.101252 5064
1 3 0 -1.4017 0.149906 0.213464 5063
1 3 0 0.949287 -0.0779496 -0.105524 5062
1 3 0 1.10246 0.26303 -0.265967 5061
1 3 0 0.998104 0.0971053 0.0281348 5060
1 3 0 -1.70707 -0.330069 0.205492 5059
1 3 0 1.43313 0.110282 -0.322422 5058
1 3 0 -0.259667 -0.18268 -0.348829 5057
1 3 0 0.61912 -0.458073 -0.031632 5056
1 3 0 1.70719 -0.346815 0.265706 5055
1 3 0 1.0253 -0.155461 -0.275811 5054
1 3 0 0.732932 -0.315146 0.347654 5053
1 3 0 1.07222 0.141853 0.10026 5052
1 3 0 -1.64825 -0.294918 -0.0508894 5051
1 3 0 -0.301419 0.361185 -0.0942574 5050
1 3 0 -0.936498 0.104381 -0.0383833 5049
1 3 0 0.351881 -0.116392 0.453133 5048
1 3 0 -1.414 0.309761 0.0901684 5047
1 3 0 -1.0991 0.383014 -0.0993809 5046
1 3 0 -0.132443 -0.39238 0.157072 5045
1 3 0 0.195684 -0.195632 0.412832 5044
1 3 0 -1.24373 -0.0264661 0.484464 5043
1 3 0 0.782808 -0.00623947 0.253667 5042
1 3 0 0.069514 0.00573753 0.0369424 5041
1 3 0 0.474109 0.34684 0.263985 5040
1 3 0 -0.988041 -0.495579 0.047814 5039
1 3 0 0.573978 -0.0134143 -0.374564 5038
1 3 0 0.71442 0.201096 -0.218793 5037
1 3 0 1.49081 0.364219 -0.162005 5036
1 3 0 -0.884886 -0.266768 -0.27344 5035
1 3 0 1.6882 0.0359557 -0.25126 5034
1 3 0 1.25114 0.311371 -0.365777 5033
1 3 0 -1.02021 0.0783222 -0.083028 5032
1 3 0 -1.47264 -0.0310078 -0.438198 5031
1 3 0 -1.14687 -0.206011 0.136854 5030
1 3 0 0.0496539 0.0542679 -0.222191 5029
1 3 0 0.695226 0.128083 0.321674 5028
1 3 0 -0.867291 0.267269 -0.168691 5027
1 3 0 -1.66653 0.18821 -0.420371 5026
1 3 0 -1.80919 -0.0384608 0.338885 5025
1 3 0 1.02081 0.291225 0.315047 5024
1 3 0 -0.897473 0.103307 -0.123673 5023
1 3 0 -1.1997 -0.36303 0.038531 5022
1 3 0 1.08434 -0.0943093 -0.365233 5021
1 3 0 0.790872 -0.0190161 0.249157 5020
1 3 0 -1.1074 -0.265507 -0.306084 5019
1 3 0 -1.8708 -0.260795 -0.175545 5018
1 3 0 -0.185002 -0.173494 0.281277 5017
1 3 0 1.10432 -0.21748 0.265212 5016
1 3 0 0.408323 -0.288855 0.0104571 5015
1 3 0 0.291911 -0.436215 -0.000634619 5014
1 3 0 -1.44087 0.123581 0.286194 5013
1 3 0 0.599946 -0.10419 0.311128 5012
1 3 0 -0.370786 -0.477508 0.0556123 5011
1 3 0 -0.490842 0.0272867 0.0612513 5010
1 3 0 1.76087 -0.194839 -0.00808129 5009
1 3 0 -0.16177 0.221761 -0.178834 5008
1 3 0 1.23426 0.28549 -0.0283233 5007
1 3 0 1.78758 0.240942 -0.0362813 5006
1 3 0 -1.57347 -0.39557 0.0384258 5005
1 3 0 -1.27727 -0.341846 -0.0178537 5004
1 3 0 0.521981 0.278376 -0.353152 5003
1 3 0 -0.556663 0.203026 -0.27047 5002
1 3 0 -0.843935 -0.325351 0.188478 5001
1 3 0 1.47477 -0.403806 0.174377 5000
1 3 0 -0.928263 0.223519 0.374916 4999
1 3 0 -0.439428 0.316729 -0.337668 4998
1 3 0 0.182147 -0.330652 0.305678 4997
1 3 0 -0.525333 0.179193 0.100608 4996
1 3 0 -1.15483 0.0145947 -0.287271 4995
1 3 0 0.160643 -0.029829 0.26644 4994
1 3 0 1.17885 0.359888 0.243694 4993
1 3 0 -1.09039 -0.172474 -0.0410967 4992
1 3 0 -0.024244 -0.00881411 0.0561867 4991
1 3 0 1.41512 0.218695 0.188879 4990
1 3 0 -0.0274774 0.376529 -0.0815514 4989
1 3 0 -0.0577066 0.232754 0.138496 4988
1 3 0 1.28253 0.384877 -0.190701 4987
1 3 0 -1.17261 0.0166132 0.142379 4986
1 3 0 0.00876743 -0.445961 -0.0111343 4985
1 3 0 -0.147928 0.0282704 0.182609 4984
1 3 0 -0.536573 0.141335 0.368642 4983
1 3 0 1.71116 0.00227614 -0.177102 4982
1 3 0 -1.39376 -0.182895 0.327833 4981
1 3 0 -0.820056 0.031084 0.0521318 4980
1 3 0 0.440219 0.413196 -0.256671 4979
1 3 0 0.782629 -0.0472097 0.347142 4978
1 3 0 -1.15327 0.326078 0.182861 4977
1 3 0 -1.3758 0.0350889 -0.205796 4976
1 3 0 0.0771629 0.0706603 0.0722317 4975
1 3 0 -1.07186 -0.292249 0.318616 4974
1 3 0 1.75431 -0.192384 0.220642 4973
1 3 0 -0.83456 -0.348134 0.0176634 4972
1 3 0 1.71117 0.109394 0.0102303 4971
1 3 0 0.847116 0.393435 -0.187953 4970
1 3 0 -0.634261 0.447552 0.151864 4969
1 3 0 0.799211 0.383829 -0.021859 4968
1 3 0 1.3674 0.0867699 -0.0658465 4967
1 3 0 -1.19944 -0.00393565 0.0988955 4966
1 3 0 -1.59281 -0.396771 -0.222344 4965
1 3 0 -0.544584 0.259531 -0.424209 4964
1 3 0 -0.578695 0.318585 0.199181 4963
1 3 0 0.333463 -0.0482697 -0.378728 4962
1 3 0 -1.19389 -0.126736 0.234638 4961
1 3 0 1.20519 0.260094 -0.269557 4960
1 3 0 0.829442 0.418072 -0.069816 4959
1 3 0 1.06037 0.00880156 -0.209045 4958
1 3 0 -1.24696 0.362332 -0.156398 4957
1 3 0 1.15664 0.0720364 0.260331 4956
1 3 0 1.14328 -0.132555 -0.231593 4955
1 3 0 1.5806 0.00818336 0.318629 4954
1 3 0 1.64276 -0.286298 -0.336996 4953
1 3 0 1.74287 -0.0303984 -0.00872437 4952
1 3 0 -0.542989 0.332443 0.329875 4951
1 3 0 0.121856 -0.0552471 0.1793 4950
1 3 0 0.0788361 -0.416442 -0.161027 4949
1 3 0 1.0575 0.322779 -0.162084 4948
1 3 0 1.71139 0.288708 0.115864 4947
1 3 0 0.39898 0.390559 0.252905 4946
1 3 0 -1.22349 -0.291507 -0.0738248 4945
1 3 0 -1.22643 0.405965 -0.266602 4944
1 3 0 0.269831 0.33891 0.15612 4943
1 3 0 -0.619383 0.443069 -0.0329769 4942
1 3 0 0.342796 -0.398689 0.206072 4941
1 3 0 -1.07015 -0.27177 0.0489861 4940
1 3 0 -1.52441 0.0941261 0.399652 4939
1 3 0 0.639104 -0.0772758 0.273371 4938
1 3 0 -0.589863 -0.308668 -0.367468 4937
1 3 0 0.250726 -0.0954387 0.103665 4936
1 3 0 -0.0607672 -0.0621166 -0.243435 4935
1 3 0 -0.0829304 -0.154998 0.244681 4934
1 3 0 -0.966695 -0.154265 -0.18853 4933
1 3 0 -1.82725 0.260847 -0.0916505 4932
1 3 0 0.551548 0.474276 0.0606146 4931
1 3 0 1.16229 -0.175828 0.0952815 4930
1 3 0 1.33065 0.358273 -0.280857 4929
1 3 0 0.687593 0.083034 0.0335355 4928
1 3 0 0.184215 0.0975032 0.177365 4927
1 3 0 -0.0105366 0.099598 0.0200545 4926
1 3 0 -0.819992 -0.283006 0.041303 4925
1 3 0 1.638 -0.28304 0.208543 4924
1 3 0 -1.48244 0.0737452 -0.37155 4923
1 3 0 -0.745231 -0.269664 0.101539 4922
1 3 0 1.21102 -0.0261242 0.245871 4921
1 3 0 -1.67611 -0.0780576 -0.114979 4920
1 3 0 -1.25309 0.351697 0.282393 4919
1 3 0 0.694272 -0.439983 -0.131465 4918
1 3 0 -1.13016 0.0281141 -0.106147 4917
1 3 0 1.81755 -0.0816764 0.342451 4916
1 3 0 -1.05107 0.169147 0.440871 4915
1 3 0 -0.336576 0.329553 0.202592 4914
1 3 0 -0.521306 0.207684 0.0290961 4913
1 3 0 -0.75072 -0.221582 -0.351356 4912
1 3 0 -1.13614 0.371703 -0.201771 4911
1 3 0 1.63133 0.155457 0.105874 4910
1 3 0 1.2133 -0.411276 0.242154 4909
1 3 0 -0.750509 0.210128 0.295331 4908
1 3 0 -0.713616 -0.107562 -0.00322492 4907
1 3 0 0.659652 0.0898627 -0.164225 4906
1 3 0 -1.08956 0.102645 0.311597 4905
1 3 0 -0.0609696 -0.0241533 0.137927 4904
1 3 0 0.673016 -0.415728 -0.159672 4903
1 3 0 -1.21092 0.10205 0.010344 4902
1 3 0 -0.275752 -0.248273 0.182 4901
1 3 0 -0.0607359 0.367801 0.218152 4900
1 3 0 -1.44431 -0.0416966 -0.18627 4899
1 3 0 1.66992 0.0532918 0.315483 4898
1 3 0 -1.28967 0.18859 -0.0119082 4897
1 3 0 0.881731 0.0331085 0.0617676 4896
1 3 0 -1.52778 -0.302757 -0.118014 4895
1 3 0 1.5234 -0.353102 -0.194393 4894
1 3 0 -1.66736 0.0429124 -0.371342 4893
1 3 0 -1.61704 0.259676 0.342822 4892
1 3 0 -0.241344 0.0389015 -0.309315 4891
1 3 0 1.89391 0.226557 -0.00795528 4890
1 3 0 -1.5023 0.0594384 -0.116394 4889
1 3 0 -1.48628 0.149305 -0.1324 4888
1 3 0 -0.667767 0.360342 0.0162977 4887
1 3 0 -1.28848 0.0992458 0.298139 4886
1 3 0 0.572365 -0.25872 0.229847 4885
1 3 0 -0.363551 0.111914 -0.0375129 4884
1 3 0 -1.22213 0.116817 0.483693 4883
1 3 0 -1.56972 -0.308921 -0.0533415 4882
1 3 0 0.130284 -0.135372 0.214865 4881
1 3 0 -1.49715 0.124462 -0.187274 4880
1 3 0 1.01893 -0.208418 0.251212 4879
1 3 0 -0.830044 0.108163 0.353657 4878
1 3 0 0.786116 -0.393371 -0.278989 4877
1 3 0 0.741679 0.488157 -0.0865299 4876
1 3 0 1.82734 -0.147292 -0.334836 4875
1 3 0 0.422234 0.0584195 -0.146387 4874
1 3 0 -0.130879 0.300502 -0.0999832 4873
1 3 0 0.385873 0.0949212 0.415425 4872
1 3 0 -1.11261 0.0849941 0.306658 4871
1 3 0 1.42937 0.246235 0.343178 4870
1 3 0 0.727524 -0.146143 0.255512 4869
1 3 0 1.30296 -0.0429211 0.216852 4868
1 3 0 0.253455 0.410389 0.17283 4867
1 3 0 0.598557 0.294107 -0.170227 4866
1 3 0 -0.804028 0.190182 0.101495 4865
1 3 0 1.36221 0.278223 0.0837078 4864
1 3 0 -1.753 0.362765 -0.0451523 4863
1 3 0 1.98403 -0.018001 -0.111883 4862
1 3 0 0.480804 -0.479751 0.108504 4861
1 3 0 -1.39361 -0.116604 0.277133 4860
1 3 0 1.39598 0.480042 -0.038315 4859
1 3 0 -0.49648 0.343935 0.0734499 4858
1 3 0 0.708446 0.391888 -0.129379 4857
1 3 0 -0.904723 0.163936 0.233859 4856
1 3 0 1.68569 0.430694 -0.0572429 4855
1 3 0 -0.0251971 -0.202408 -0.236767 4854
1 3 0 1.39925 -0.0136287 0.262479 4853
1 3 0 1.00721 -0.357364 -0.280195 4852
1 3 0 0.455842 0.256806 0.176151 4851
1 3 0 -1.5199 0.0298588 -0.128956 4850
1 3 0 0.567011 -0.14843 0.136959 4849
1 3 0 -0.753392 -0.402618 0.0462277 4848
1 3 0 -0.132724 -0.0962284 0.0732026 4847
1 3 0 -1.23663 0.261043 -0.00660166 4846
1 3 0 -0.882523 0.33886 0.314331 4845
1 3 0 -0.259654 0.297648 -0.0534122 4844
1 3 0 1.81566 0.159515 -0.129419 4843
1 3 0 0.693822 0.349238 -0.18214 4842
1 3 0 -1.21891 0.311236 0.233646 4841
1 3 0 0.248759 -0.425645 0.244416 4840
1 3 0 0.875413 0.379236 0.312677 4839
1 3 0 1.06954 0.043431 -0.347238 4838
1 3 0 1.38725 -0.0513382 0.472149 4837
1 3 0 -0.354349 -0.146832 0.219035 4836
1 3 0 -0.52326 0.0632173 0.00931763 4835
1 3 0 1.62817 0.303668 0.0430629 4834
1 3 0 -0.236006 0.2498 0.271306 4833
1 3 0 0.475542 0.449792 0.19628 4832
1 3 0 -0.75423 0.282336 0.349907 4831
1 3 0 -1.21892 -0.136534 -0.12454 4830
1 3 0 0.696567 0.367112 -0.297768 4829
1 3 0 -0.816123 0.262885 0.199641 4828
1 3 0 -0.82436 0.149552 0.116883 4827
1 3 0 -0.700367 0.154706 -0.312629 4826
1 3 0 -0.944131 -0.0577708 0.394566 4825
1 3 0 -1.64366 0.132536 -0.322084 4824
1 3 0 0.920434 -0.0884413 0.178065 4823
1 3 0 -0.813996 0.366549 -0.160045 4822
1 3 0 -1.72906 -0.0737335 -0.210267 4821
1 3 0 1.70685 -0.248984 -0.363478 4820
1 3 0 1.74963 -0.00445816 0.194943 4819
1 3 0 -0.906912 -0.137757 0.224879 4818
1 3 0 -0.693187 -0.372178 -0.104788 4817
1 3 0 -0.216587 -0.0754172 0.0311278 4816
1 3 0 -1.21819 0.389711 0.164701 4815
1 3 0 -0.962875 -0.24596 0.322947 4814
1 3 0 1.524 0.126562 -0.344624 4813
1 3 0 -0.111509 0.183057 -0.0713464 4812
1 3 0 -1.84463 -0.0428395 0.0814659 4811
1 3 0 0.890125 -0.213079 0.304226 4810
1 3 0 -0.476163 -0.296417 -0.392812 4809
1 3 0 -0.30311 0.058304 0.100504 4808
1 3 0 -0.659026 -0.0294503 0.0936566 4807
1 3 0 1.79728 0.115307 0.189291 4806
1 3 0 -0.0147712 0.000699913 -0.247823 4805
1 3 0 -1.56275 0.0659721 -0.172772 4804
1 3 0 0.05178 0.306364 0.26192 4803
1 3 0 -0.710527 0.0573673 -0.363306 4802
1 3 0 0.260708 -0.206241 -0.15567 4801
1 3 0 0.900129 0.467662 -0.0310672 4800
1 3 0 -1.00119 0.393595 -0.198796 4799
1 3 0 -0.79395 0.0730726 0.361659 4798
1 3 0 1.6193 -0.037859 0.255082 4797
1 3 0 -1.33432 -0.0528579 -0.263565 4796
1 3 0 0.209603 0.167731 -0.314282 4795
1 3 0 -0.491647 0.0356166 0.0880229 4794
1 3 0 -0.936112 0.244447 -0.0323703 4793
1 3 0 -0.722408 0.43117 -0.119356 4792
1 3 0 -0.409874 -2.11688e-05 -0.0179049 4791
1 3 0 -1.82179 0.00173479 0.35256 4790
1 3 0 -1.89502 0.165861 0.212243 4789
1 3 0 1.83656 -0.229705 -0.131939 4788
1 3 0 1.40874 0.472496 -0.0495932 4787
1 3 0 -0.584257 -0.430709 0.161012 4786
1 3 0 -1.30351 0.100945 0.221943 4785
1 3 0 -0.119763 -0.275482 0.289622 4784
1 3 0 -1.70861 0.00125686 -0.305292 4783
1 3 0 0.0474923 -0.117132 0.440036 4782
1 3 0 0.201842 0.318722 -0.348443 4781
1 3 0 1.58792 -0.251951 0.391135 4780
1 3 0 -0.318773 -0.0709428 -0.191125 4779
1 3 0 -0.547337 0.178696 0.234906 4778
1 3 0 0.873389 -0.478887 0.0786342 4777
1 3 0 -1.46655 -0.0832509 0.350277 4776
1 3 0 1.21803 0.361587 -0.14119 4775
1 3 0 1.37582 0.352885 0.0794516 4774
1 3 0 1.64794 0.200756 -0.338495 4773
1 3 0 -1.52708 0.250238 -0.355211 4772
1 3 0 1.31062 -0.359557 0.11036 4771
1 3 0 1.62664 -0.238811 -0.246919 4770
1 3 0 0.235184 -0.383851 -0.0366116 4769
1 3 0 0.828417 -0.207226 -0.431266 4768
1 3 0 -0.680715 0.0327408 0.0183035 4767
1 3 0 -0.582647 -0.0256892 0.017089 4766
1 3 0 0.588434 0.364723 -0.18823 4765
1 3 0 -0.916271 0.196904 -0.0902893 4764
1 3 0 -0.0561226 0.157208 0.0305902 4763
1 3 0 -0.855355 -0.159173 0.286003 4762
1 3 0 1.70503 0.0374686 0.0803877 4761
1 3 0 1.15928 -0.166172 -0.00706854 4760
1 3 0 -0.0302465 -0.0712822 0.362482 4759
1 3 0 0.00266589 0.251536 -0.00410578 4758
1 3 0 1.67918 0.369741 -0.0560636 4757
1 3 0 0.81652 0.0401134 -0.408184 4756
1 3 0 -1.26115 0.16061 0.144428 4755
1 3 0 -0.465468 -0.0659284 -0.460574 4754
1 3 0 0.990047 0.141112 0.302813 4753
1 3 0 1.66075 -0.0566023 -0.206897 4752
1 3 0 -0.145531 0.0145969 -0.175604 4751
1 3 0 1.646 -0.319286 -0.325336 4750
1 3 0 -0.71351 -0.121426 0.116473 4749
1 3 0 1.59386 -0.267982 0.342337 4748
1 3 0 -1.5279 0.210393 -0.0908694 4747
1 3 0 1.52623 0.104784 -0.0948303 4746
1 3 0 1.65583 -0.38919 0.12345 4745
1 3 0 -0.114874 0.437381 -0.105251 4744
1 3 0 -0.525244 -0.347745 0.0110249 4743
1 3 0 -0.140539 -0.291046 -0.0933214 4742
1 3 0 -0.158769 0.466817 0.0455688 4741
1 3 0 0.211063 0.157692 -0.325169 4740
1 3 0 -1.16045 0.12237 0.224984 4739
1 3 0 0.919178 0.180451 0.343165 4738
1 3 0 -1.1579 -0.414089 -0.0705907 4737
1 3 0 0.265877 0.309058 0.152484 4736
1 3 0 -1.59111 -0.120434 0.258592 4735
1 3 0 -0.230442 -0.00884269 -0.137777 4734
1 3 0 0.773984 -0.428608 0.139542 4733
1 3 0 -0.938481 0.422704 -0.0372814 4732
1 3 0 -1.57577 0.0402319 0.360487 4731
1 3 0 0.150172 0.145674 0.42976 4730
1 3 0 -0.890393 0.104184 0.394017 4729
1 3 0 -1.49678 -0.26608 0.173468 4728
1 3 0 0.0161357 0.170675 -0.41079 4727
1 3 0 1.11731 -0.111494 0.393571 4726
1 3 0 -1.29088 -0.323348 -0.0414352 4725
1 3 0 -1.1139 0.107421 0.280519 4724
1 3 0 -1.46734 -0.0913489 0.282984 4723
1 3 0 -0.0794974 -0.0397251 -0.389233 4722
1 3 0 -0.736755 0.320952 0.283096 4721
1 3 0 0.907889 0.16786 0.411244 4720
1 3 0 1.54573 0.184883 -0.245261 4719
1 3 0 1.62221 -0.432282 0.00660004 4718
1 3 0 -0.10865 -0.212016 0.218646 4717
1 3 0 0.262571 0.32547 0.0474934 4716
1 3 0 -0.359962 0.105361 -0.183346 4715
1 3 0 0.384279 -0.0124296 0.304154 4714
1 3 0 0.570911 -0.0890058 0.294009 4713
1 3 0 -1.91586 0.0871017 0.0379442 4712
1 3 0 1.03724 0.0474899 0.409074 4711
1 3 0 0.0707685 -0.0421065 0.0434819 4710
1 3 0 1.61637 0.0924859 -0.278694 4709
1 3 0 -1.53373 -0.108498 -0.283542 4708
1 3 0 1.70271 0.0816644 -0.0540256 4707
1 3 0 1.3469 0.154474 -0.00867252 4706
1 3 0 -0.656683 0.308516 -0.183402 4705
1 3 0 0.0039756 0.0271565 0.372546 4704
1 3 0 0.593902 -0.113494 -0.473502 4703
1 3 0 1.0723 0.346802 -0.144079 4702
1 3 0 -0.855235 0.153212 0.0732719 4701
1 3 0 0.065414 -0.084482 0.181222 4700
1 3 0 1.73784 -0.342917 -0.00185672 4699
1 3 0 -0.269087 -0.0444763 0.400314 4698
1 3 0 -0.955617 0.0613963 0.233238 4697
1 3 0 -0.224 -0.294836 -0.0576071 4696
1 3 0 -0.64731 -0.218546 0.169099 4695
1 3 0 1.46868 -0.444806 0.107639 4694
1 3 0 -0.374755 -0.254998 -0.249759 4693
1 3 0 -0.985438 0.0839969 -0.235813 4692
1 3 0 0.144279 0.425951 0.0708113 4691
1 3 0 -0.445231 0.296507 0.313657 4690
1 3 0 -1.9795 -0.0300705 -0.0197215 4689
1 3 0 0.623802 0.269654 -0.163654 4688
1 3 0 -1.17168 0.339457 -0.292875 4687
1 3 0 0.344104 0.48488 0.0248594 4686
1 3 0 -0.762502 -0.359129 -0.140849 4685
1 3 0 0.860527 -0.237336 0.00924443 4684
1 3 0 1.62915 0.229189 0.177303 4683
1 3 0 0.739683 -0.458678 0.160312 4682
1 3 0 0.240025 -0.168758 -0.274498 4681
1 3 0 -1.6671 -0.0510829 -0.0473346 4680
1 3 0 0.652614 -0.0940553 -0.0669761 4679
1 3 0 -0.587226 -0.368244 0.0449108 4678
1 3 0 -0.689081 -0.201104 0.259181 4677
1 3 0 1.4144 0.027065 0.483952 4676
1 3 0 -1.31056 0.252772 0.336626 4675
1 3 0 0.0789716 -0.321525 0.332869 4674
1 3 0 -0.173108 -0.213348 -0.0729555 4673
1 3 0 0.722367 0.0432041 -0.317199 4672
1 3 0 0.00343602 0.0396738 0.0402566 4671
1 3 0 -1.18832 0.242791 0.265828 4670
1 3 0 0.16416 -0.423018 0.132982 4669
1 3 0 0.678698 0.0156133 -0.374336 4668
1 3 0 1.04081 0.325255 0.339652 4667
1 3 0 -1.56976 0.362913 -0.114104 4666
1 3 0 1.33113 0.134164 0.352633 4665
1 3 0 -0.382634 0.405889 -0.176035 4664
1 3 0 0.0797053 -0.310268 0.124777 4663
1 3 0 -1.9747 -0.0145513 -0.0922145 4662
1 3 0 0.893372 -0.128306 0.070234 4661
1 3 0 -0.677308 -0.316613 -0.128396 4660
1 3 0 -1.31785 0.0927339 -0.11183 4659
1 3 0 -1.41762 0.195449 0.0208598 4658
1 3 0 0.264157 -0.152077 -0.117523 4657
1 3 0 -0.710369 -0.39733 -0.0139001 4656
1 3 0 -0.189716 0.338307 0.176724 4655
1 3 0 0.0129267 -0.242846 0.115857 4654
1 3 0 -1.38812 0.0329482 -0.43731 4653
1 3 0 1.8053 -0.122592 0.0539607 4652
1 3 0 0.610674 -0.0465184 -0.191035 4651
1 3 0 -1.40446 0.143602 0.0602362 4650
1 3 0 0.757562 0.0208454 -0.2398 4649
1 3 0 0.945324 -0.35626 -0.0697113 4648
1 3 0 0.702833 0.191087 -0.183956 4647
1 3 0 -0.490993 0.0631977 0.435075 4646
1 3 0 -0.917173 -0.124307 -0.285984 4645
1 3 0 1.29865 -0.249333 0.0510071 4644
1 3 0 0.116829 0.066696 -0.271382 4643
1 3 0 -0.588581 -0.311434 0.144455 4642
1 3 0 1.28494 0.17923 -0.0288354 4641
1 3 0 0.369273 0.104865 0.113162 4640
1 3 0 0.755289 -0.0707924 -0.245321 4639
1 3 0 -1.74439 0.261165 0.0454136 4638
1 3 0 -1.2477 0.392278 0.144811 4637
1 3 0 0.700055 -0.080002 0.0137895 4636
1 3 0 -1.20514 -0.329995 -0.25706 4635
1 3 0 0.838517 0.325677 0.336438 4634
1 3 0 0.341898 -0.287386 0.27134 4633
1 3 0 -0.174382 -0.470788 -0.0205104 4632
1 3 0 -0.126169 0.381481 -0.00454345 4631
1 3 0 0.927854 0.088267 -0.243704 4630
1 3 0 -0.283164 0.100708 0.294399 4629
1 3 0 0.890341 -0.0323627 -0.378946 4628
1 3 0 -0.15159 0.471406 -0.0417444 4627
1 3 0 0.522802 -0.0201768 0.273092 4626
1 3 0 -1.724 0.140024 0.0272363 4625
1 3 0 1.19392 -0.400565 -0.222565 4624
1 3 0 -0.901977 0.183259 0.137164 4623
1 3 0 0.0685302 0.0392468 -0.443688 4622
1 3 0 1.48995 0.313061 0.372757 4621
1 3 0 -0.985699 -0.0103579 -0.341373 4620
1 3 0 0.052577 0.171936 0.424402 4619
1 3 0 -1.12711 -0.114748 0.455847 4618
1 3 0 -0.54859 0.227726 0.391163 4617
1 3 0 1.00287 -0.0233469 -0.18579 4616
1 3 0 -0.944899 0.168961 -0.307598 4615
1 3 0 -0.271128 -0.332542 -0.164784 4614
1 3 0 -0.738541 -0.216424 -0.169132 4613
1 3 0 1.42282 0.00929968 -0.149539 4612
1 3 0 -1.15324 0.284396 -0.222062 4611
1 3 0 -0.298115 0.466909 0.142092 4610
1 3 0 1.87659 0.0773943 -0.171941 4609
1 3 0 0.501537 0.311646 0.228893 4608
1 3 0 0.544288 -0.0966797 0.260068 4607
1 3 0 0.48457 0.385404 -0.102489 4606
1 3 0 -0.92663 -0.15042 -0.125414 4605
1 3 0 -0.887614 0.28242 0.00378407 4604
1 3 0 1.34787 0.183017 -0.36189 4603
1 3 0 0.509055 0.141372 -0.347463 4602
1 3 0 1.66771 0.161244 -0.211559 4601
1 3 0 0.891953 -0.430281 0.0709646 4600
1 3 0 0.722253 -0.35638 -0.193485 4599
1 3 0 -1.03787 0.175203 0.31406 4598
1 3 0 0.538689 0.324553 -0.0852033 4597
1 3 0 1.69505 0.24175 0.12461 4596
1 3 0 0.81859 0.324818 0.046782 4595
1 3 0 0.578272 0.226812 -0.394272 4594
1 3 0 0.237041 -0.0222846 -0.199033 4593
1 3 0 0.671779 0.0402459 -0.00595883 4592
1 3 0 -0.169878 0.0555936 -0.429562 4591
1 3 0 -1.61418 -0.309835 0.0458122 4590
1 3 0 -0.584588 0.383933 0.00954717 4589
1 3 0 -0.698827 -0.25576 0.275048 4588
1 3 0 1.69662 -0.147575 0.0420984 4587
1 3 0 1.37436 -0.237536 0.402824 4586
1 3 0 1.25569 0.146889 0.348827 4585
1 3 0 -0.0440271 -0.038035 0.0741101 4584
1 3 0 0.842226 0.407539 0.259329 4583
1 3 0 1.58977 -0.362816 -0.181992 4582
1 3 0 -0.103347 0.24852 0.334628 4581
1 3 0 0.801193 0.407713 0.0453896 4580
1 3 0 1.19888 -0.191791 0.162306 4579
1 3 0 0.660949 0.259106 -0.122902 4578
1 3 0 0.441958 -0.410673 0.0640744 4577
1 3 0 1.38276 0.419168 -0.00273653 4576
1 3 0 -0.977561 -0.200005 0.334821 4575
1 3 0 0.706948 -0.10443 -0.0423173 4574
1 3 0 0.462386 0.0873823 0.299165 4573
1 3 0 1.14791 0.0860734 0.15923 4572
1 3 0 -0.0351185 0.151916 -0.244543 4571
1 3 0 0.218102 0.0781631 0.0389594 4570
1 3 0 -1.50812 -0.122776 -0.0821951 4569
1 3 0 -0.651328 0.0431126 0.333902 4568
1 3 0 0.0756654 0.0706824 -0.160945 4567
1 3 0 -0.585872 0.0246756 -0.0763641 4566
1 3 0 0.0686069 0.486744 -0.0542914 4565
1 3 0 0.766019 0.45216 -0.00611963 4564
1 3 0 -1.01899 -0.398757 0.0896457 4563
1 3 0 -1.23338 -0.39323 -0.0399681 4562
1 3 0 0.704967 -0.401169 0.270593 4561
1 3 0 0.182925 -0.0735042 0.313855 4560
1 3 0 -0.990363 -0.0809903 0.129465 4559
1 3 0 -0.603301 0.339494 -0.0775742 4558
1 3 0 0.803485 -0.097186 0.0307736 4557
1 3 0 0.721453 -0.289642 0.406178 4556
1 3 0 -1.24023 -0.398525 0.0607111 4555
1 3 0 -1.37832 -0.161886 0.371757 4554
1 3 0 0.280463 0.14448 0.0142082 4553
1 3 0 1.21167 0.00775784 -0.0205748 4552
1 3 0 1.49085 0.298577 0.324256 4551
1 3 0 0.0274322 -0.147674 0.133131 4550
1 3 0 -1.91508 -0.0357729 0.150567 4549
1 3 0 0.375569 -0.126728 0.213461 4548
1 3 0 0.990462 0.292743 0.0608837 4547
1 3 0 0.479085 0.472466 -0.0622816 4546
1 3 0 0.0170513 -0.11688 0.292295 4545
1 3 0 -1.87935 -0.110425 -0.257436 4544
1 3 0 -1.23147 0.225364 0.0941263 4543
1 3 0 -0.502215 -0.0196145 0.0271284 4542
1 3 0 -1.24204 0.207282 0.214224 4541
1 3 0 1.5914 0.15409 -0.300666 4540
1 3 0 -0.634368 -0.421226 -0.081317 4539
1 3 0 0.832033 -0.00149559 -0.149293 4538
1 3 0 0.191149 -0.454742 -0.197647 4537
1 3 0 -0.450124 0.456886 0.114211 4536
1 3 0 -1.22371 0.0180081 0.439762 4535
1 3 0 0.436614 -0.303143 -0.162024 4534
1 3 0 -1.15737 -0.264518 0.414259 4533
1 3 0 -1.64902 0.0104905 0.165802 4532
1 3 0 1.27926 0.0670591 -0.218823 4531
1 3 0 1.84629 -0.181868 -0.16948 4530
1 3 0 -0.797581 0.357496 -0.178977 4529
1 3 0 -0.193285 -0.436325 0.178858 4528
1 3 0 1.08061 0.206223 0.308727 4527
1 3 0 0.488075 0.307504 -0.0688899 4526
1 3 0 -0.748166 0.297672 -0.135758 4525
1 3 0 0.4445 -0.336588 0.293323 4524
1 3 0 -1.704 -0.219199 0.00557761 4523
1 3 0 -1.79954 0.372184 -0.0757039 4522
1 3 0 0.147655 -0.463867 -0.117801 4521
1 3 0 -1.37953 -0.0415203 0.346755 4520
1 3 0 -0.624922 -0.269797 0.242758 4519
1 3 0 1.15043 0.296232 -0.305874 4518
1 3 0 -1.55164 -0.300509 -0.104519 4517
1 3 0 -1.21993 0.249754 0.0627951 4516
1 3 0 -1.72409 -0.398439 -0.114223 4515
1 3 0 -1.03269 0.137313 -0.0463639 4514
1 3 0 0.72067 -0.0156742 0.00194053 4513
1 3 0 -0.227519 -0.192121 0.386641 4512
1 3 0 -0.132185 0.293346 0.105403 4511
1 3 0 -1.01118 -0.167914 -0.171666 4510
1 3 0 0.42713 -0.402758 0.0864589 4509
1 3 0 -0.178902 0.243582 -0.171768 4508
1 3 0 1.68199 0.0934994 0.146376 4507
1 3 0 1.33758 0.100278 0.16681 4506
1 3 0 -0.45996 -0.0430877 -0.111284 4505
1 3 0 1.75387 -0.0319082 -0.216259 4504
1 3 0 0.919064 -0.0239929 0.0321172 4503
1 3 0 1.06094 0.0595455 0.210266 4502
1 3 0 -0.646486 0.316083 0.36544 4501
1 3 0 0.360603 0.377293 0.026181 4500
1 3 0 0.897395 0.251241 0.290348 4499
1 3 0 -1.63111 0.238643 0.300524 4498
1 3 0 -0.678841 0.0645466 -0.176717 4497
1 3 0 -1.58834 0.184382 0.155199 4496
1 3 0 -1.90991 0.269302 -0.0124656 4495
1 3 0 -1.57132 -0.408268 -0.275866 4494
1 3 0 -0.328625 0.0568825 0.0873005 4493
1 3 0 0.0910591 -0.109125 0.455224 4492
1 3 0 -0.866258 -0.0377705 -0.0169776 4491
1 3 0 1.00029 -0.415289 -0.253615 4490
1 3 0 -1.28018 0.123377 0.081389 4489
1 3 0 0.0773437 -0.0955195 -0.42103 4488
1 3 0 -1.77002 -0.0237459 -0.294 4487
1 3 0 -1.57327 0.429492 -0.225797 4486
1 3 0 -1.33529 -0.149291 -0.203771 4485
1 3 0 -0.699303 -0.0861913 -0.428361 4484
1 3 0 -0.865 0.390837 -0.285161 4483
1 3 0 -0.870819 -0.417906 0.106192 4482
1 3 0 -1.83866 -0.177405 0.237741 4481
1 3 0 0.22116 0.45314 0.182663 4480
1 3 0 1.41924 -0.194031 0.0568056 4479
1 3 0 -0.0561014 0.222862 0.396566 4478
1 3 0 0.240497 0.177901 -0.0457791 4477
1 3 0 -1.24389 -0.251273 -0.0223207 4476
1 3 0 1.33066 0.21783 -0.392756 4475
1 3 0 0.186895 -0.216748 0.170509 4474
1 3 0 -0.92545 0.156125 -0.00656151 4473
1 3 0 -0.217304 -0.176523 -0.395298 4472
1 3 0 1.14924 -0.0705411 0.0836908 4471
1 3 0 -1.59406 -0.155826 0.180794 4470
1 3 0 0.233279 0.17516 0.0886109 4469
1 3 0 -0.375253 -0.278698 -0.380298 4468
1 3 0 -1.19415 0.224409 0.0964911 4467
1 3 0 1.19698 0.0506552 0.0768094 4466
1 3 0 -1.77291 -0.204583 0.119867 4465
1 3 0 1.65916 0.264891 0.0271305 4464
1 3 0 -0.00702593 -0.263709 0.219974 4463
1 3 0 1.60909 0.0829954 0.0757687 4462
1 3 0 1.03783 0.117541 -0.103907 4461
1 3 0 1.24515 0.377407 0.315232 4460
1 3 0 -0.754885 -0.0520017 -0.189923 4459
1 3 0 -0.223854 0.355311 0.213907 4458
1 3 0 -1.60891 0.0202022 -0.467545 4457
1 3 0 -0.877417 0.281822 -0.013215 4456
1 3 0 -1.61454 0.162393 -0.228302 4455
1 3 0 -1.71788 -0.40599 0.190367 4454
1 3 0 -0.251138 0.21431 0.142641 4453
1 3 0 -1.59197 0.39594 -0.0394696 4452
1 3 0 0.871292 0.199814 0.0636699 4451
1 3 0 -0.437085 -0.256889 -0.171186 4450
1 3 0 -1.43314 -0.176518 0.464851 4449
1 3 0 -0.0246925 -0.288993 -0.0479676 4448
1 3 0 -0.925555 0.171499 -0.409877 4447
1 3 0 -0.684176 -0.0932401 0.300924 4446
1 3 0 -1.75738 -0.300089 0.136665 4445
1 3 0 0.526115 -0.326596 0.0495779 4444
1 3 0 -1.22243 -0.244975 0.154469 4443
1 3 0 -0.936242 0.000692316 -0.434582 4442
1 3 0 -1.17232 0.235611 -0.396004 4441
1 3 0 0.0249904 0.298737 0.20114 4440
1 3 0 -0.157602 -0.489189 0.0646125 4439
1 3 0 -0.563574 0.245213 -0.238792 4438
1 3 0 -1.44843 -0.136184 0.39871 4437
1 3 0 1.33532 -0.0566784 -0.013602 4436
1 3 0 -0.544007 0.390854 0.272655 4435
1 3 0 1.03634 -0.0950525 -0.0899314 4434
1 3 0 -0.021294 0.225222 0.337936 4433
1 3 0 -0.378977 -0.189071 -0.39212 4432
1 3 0 -0.648927 -0.153488 0.121275 4431
1 3 0 -0.073892 -0.35728 -0.197865 4430
1 3 0 -0.716205 -0.219993 -0.39601 4429
1 3 0 0.975664 -0.20415 -0.0214598 4428
1 3 0 -0.37396 -0.198992 -0.351902 4427
1 3 0 0.749124 0.0969518 0.128162 4426
1 3 0 0.0715417 0.266289 0.286521 4425
1 3 0 1.08939 0.168123 0.422483 4424
1 3 0 -0.398035 0.0673275 0.329654 4423
1 3 0 -1.07469 -0.00262866 0.338704 4422
1 3 0 -1.6376 0.136742 -0.210854 4421
1 3 0 1.01215 -0.0667621 0.345663 4420
1 3 0 1.38171 -0.169438 -0.280219 4419
1 3 0 0.271926 -0.00405745 -0.152032 4418
1 3 0 -0.858129 -0.0658698 -0.413165 4417
1 3 0 1.28303 0.000740093 0.419798 4416
1 3 0 -0.235218 0.122453 0.0816535 4415
1 3 0 -0.585772 0.0829049 0.0524544 4414
1 3 0 1.6887 0.0520032 0.116418 4413
1 3 0 -0.971116 0.196067 0.11361 4412
1 3 0 0.888105 -0.325707 -0.294879 4411
1 3 0 -1.32226 -0.109436 0.205128 4410
1 3 0 0.325824 -0.391921 -0.101897 4409
1 3 0 1.36243 0.316043 -0.296761 4408
1 3 0 -0.795916 0.000113702 0.194609 4407
1 3 0 0.0947992 0.104833 0.272391 4406
1 3 0 -1.74356 0.0309001 0.288487 4405
1 3 0 -1.07326 0.336438 -0.119777 4404
1 3 0 0.755152 0.354032 0.150448 4403
1 3 0 -1.55675 0.0483191 -0.280333 4402
1 3 0 -1.85745 -0.0934824 -0.0387238 4401
1 3 0 -0.0271403 -0.0226478 -0.124351 4400
1 3 0 -1.72022 -0.100933 0.120647 4399
1 3 0 1.42584 -0.0132717 -0.187144 4398
1 3 0 -0.900138 0.104821 -0.421654 4397
1 3 0 -0.129631 -0.356036 0.132019 4396
1 3 0 0.650105 -0.248902 -0.334449 4395
1 3 0 -1.16588 -0.0595139 0.0781584 4394
1 3 0 1.73599 -0.0801184 0.0871015 4393
1 3 0 -1.45206 -0.0945686 -0.0645179 4392
1 3 0 -1.25126 0.265915 -0.0514855 4391
1 3 0 0.543213 -0.349475 -0.287463 4390
1 3 0 0.690209 0.050092 -0.0607732 4389
1 3 0 1.43561 -0.182359 -0.267724 4388
1 3 0 -1.02952 -0.25229 0.171152 4387
1 3 0 -1.43273 0.113027 0.435554 4386
1 3 0 -0.57649 0.220995 0.00774467 4385
1 3 0 -1.70336 0.0695121 0.144214 4384
1 3 0 0.474727 -0.273543 -0.183928 4383
1 3 0 0.855498 0.127929 0.313079 4382
1 3 0 0.420806 0.260484 0.386092 4381
1 3 0 0.118489 0.0313595 0.133152 4380
1 3 0 0.332811 -0.26909 -0.221467 4379
1 3 0 0.333753 0.390219 -0.170552 4378
1 3 0 -0.0802352 -0.109702 0.127995 4377
1 3 0 0.856658 0.424454 -0.0341219 4376
1 3 0 0.813924 0.251227 -0.058622 4375
1 3 0 1.17949 -0.317608 -0.117911 4374
1 3 0 0.860821 0.166783 0.413319 4373
1 3 0 -1.33531 0.320534 -0.249489 4372
1 3 0 0.135173 0.415325 -0.0371465 4371
1 3 0 0.644447 -0.299427 0.395823 4370
1 3 0 -0.921445 -0.150958 0.267718 4369
1 3 0 -0.694842 0.243746 -0.425005 4368
1 3 0 0.264442 -0.225241 -0.319324 4367
1 3 0 -1.01445 -0.407184 0.0597345 4366
1 3 0 0.592509 0.203274 0.0619795 4365
1 3 0 1.59215 0.234357 -0.00120046 4364
1 3 0 0.26014 -0.330343 0.262548 4363
1 3 0 -1.90718 -0.0481864 0.0228089 4362
1 3 0 0.488142 0.0503218 -0.385787 4361
1 3 0 0.378256 -0.442804 0.0312937 4360
1 3 0 -1.12886 0.0512518 -0.411504 4359
1 3 0 0.997133 0.408329 0.0672296 4358
1 3 0 1.10589 0.222138 -0.235903 4357
1 3 0 0.0797843 -0.0501459 -0.164806 4356
1 3 0 -1.64869 0.370576 -0.128999 4355
1 3 0 1.59916 0.0634317 -0.300324 4354
1 3 0 1.6578 -0.0605519 0.272491 4353
1 3 0 1.47116 -0.263644 -0.309987 4352
1 3 0 -0.2579 0.364518 -0.0614808 4351
1 3 0 -1.17156 0.0374495 0.136145 4350
1 3 0 1.64671 0.410221 0.140677 4349
1 3 0 1.59217 -0.0883063 -0.140299 4348
1 3 0 1.35217 0.218317 0.406845 4347
1 3 0 -0.771419 0.154631 -0.294553 4346
1 3 0 -1.1112 -0.0365411 -0.254636 4345
1 3 0 1.75856 0.019913 0.0910452 4344
1 3 0 -1.52937 0.178767 -0.190107 4343
1 3 0 0.449751 -0.436163 0.211311 4342
1 3 0 1.0436 0.367428 -0.337533 4341
1 3 0 -0.210329 0.00351632 0.403188 4340
1 3 0 0.077589 -0.182841 0.322501 4339
1 3 0 1.37761 -0.0941299 0.308964 4338
1 3 0 0.656501 0.307458 -0.158239 4337
1 3 0 0.287501 -0.365764 -0.0668366 4336
1 3 0 -1.52769 -0.0656767 -0.157358 4335
1 3 0 0.797804 -0.27032 -0.000104644 4334
1 3 0 -1.5902 -0.0543889 0.467256 4333
1 3 0 -0.496663 0.0321465 -0.417546 4332
1 3 0 -0.0751436 -0.239848 0.112545 4331
1 3 0 -1.74284 -0.0678657 0.118687 4330
1 3 0 -0.400052 -0.362107 -0.312992 4329
1 3 0 -1.74102 0.321563 0.0163221 4328
1 3 0 1.46545 0.0903478 -0.400106 4327
1 3 0 1.30359 0.207258 -0.25404 4326
1 3 0 -0.63475 0.121374 0.0819813 4325
1 3 0 -0.452842 -0.0521837 -0.177207 4324
1 3 0 1.66887 -0.276077 0.132073 4323
1 3 0 1.00599 -0.0956623 -0.0205813 4322
1 3 0 0.16988 0.166937 -0.346142 4321
1 3 0 0.427483 0.156019 -0.467093 4320
1 3 0 1.48902 -0.293032 0.25845 4319
1 3 0 1.08002 -0.369405 -0.121059 4318
1 3 0 0.291276 -0.192576 -0.355415 4317
1 3 0 1.63668 -0.422681 0.00793483 4316
1 3 0 0.176889 -0.0921587 0.182199 4315
1 3 0 1.59602 -0.196302 -0.0162562 4314
1 3 0 -0.695915 -0.394165 -0.00938826 4313
1 3 0 -1.09676 0.118374 0.34276 4312
1 3 0 -0.356606 -0.0983499 -0.376314 4311
1 3 0 1.19534 -0.129823 0.192482 4310
1 3 0 1.15717 0.214574 -0.0964322 4309
1 3 0 1.63826 -0.365916 -0.255597 4308
1 3 0 1.28949 -0.0126334 0.298504 4307
1 3 0 0.712832 -0.284134 -0.322411 4306
1 3 0 1.52573 0.00185398 -0.345197 4305
1 3 0 1.42812 0.109745 -0.483165 4304
1 3 0 1.32784 0.345928 0.177174 4303
1 3 0 -1.7498 -0.248182 0.318212 4302
1 3 0 -0.715615 0.450796 0.15356 4301
1 3 0 -1.41244 -0.0713046 0.403227 4300
1 3 0 0.937206 0.0843228 0.199346 4299
1 3 0 1.55742 0.127223 0.127969 4298
1 3 0 -0.611793 -0.166635 0.301583 4297
1 3 0 0.235785 -0.347164 -0.346003 4296
1 3 0 1.48049 0.169973 -0.321876 4295
1 3 0 1.47535 -0.214971 0.224788 4294
1 3 0 -0.815194 0.0118017 0.35417 4293
1 3 0 0.257218 -0.222777 0.378115 4292
1 3 0 -1.23096 -0.200058 -0.146319 4291
1 3 0 -1.50484 -0.145825 0.418242 4290
1 3 0 0.0517667 -0.359479 -0.293875 4289
1 3 0 -1.52358 0.0431624 0.389553 4288
1 3 0 -0.265004 0.338405 0.12478 4287
1 3 0 1.23273 0.432664 0.125123 4286
1 3 0 1.18138 -0.208842 -0.352269 4285
1 3 0 -0.132919 -0.384672 0.0692015 4284
1 3 0 0.816727 0.0109487 0.127903 4283
1 3 0 0.290803 -0.205168 -0.362385 4282
1 3 0 0.102364 -0.23977 0.328738 4281
1 3 0 -0.204148 -0.0202183 0.251489 4280
1 3 0 1.15147 0.295339 0.232165 4279
1 3 0 -1.10976 -0.309063 -0.223008 4278
1 3 0 0.477395 -0.197605 0.339713 4277
1 3 0 1.73651 -0.387435 0.206603 4276
1 3 0 0.993438 -0.0432532 -0.225441 4275
1 3 0 0.746982 0.183485 -0.323842 4274
1 3 0 -1.87049 -0.131105 -0.186195 4273
1 3 0 1.50548 -0.0441884 -0.216081 4272
1 3 0 0.044828 -0.456831 -0.135242 4271
1 3 0 1.44829 -0.436511 -0.105621 4270
1 3 0 -1.76104 0.140435 -0.298535 4269
1 3 0 -1.77206 -0.191649 -0.297543 4268
1 3 0 -1.44406 0.343706 0.341506 4267
1 3 0 1.51086 0.235517 0.377132 4266
1 3 0 -0.472545 -0.159384 0.454749 4265
1 3 0 1.74675 -0.0677382 -0.235147 4264
1 3 0 -1.15158 0.163428 0.362569 4263
1 3 0 0.0598187 0.111312 -0.19932 4262
1 3 0 0.120405 -0.199154 0.139372 4261
1 3 0 0.923803 -0.434578 0.0297033 4260
1 3 0 -1.78137 0.085218 -0.282489 4259
1 3 0 -1.19534 0.0990427 0.259836 4258
1 3 0 0.914804 -0.420558 -0.253289 4257
1 3 0 -1.08587 -0.270391 0.20279 4256
1 3 0 -0.307962 0.143698 -0.339027 4255
1 3 0 -0.666338 -0.166446 -0.130273 4254
1 3 0 -1.52832 0.383679 0.112352 4253
1 3 0 -1.27799 0.0434677 -0.202837 4252
1 3 0 -1.1109 -0.158504 -0.181107 4251
1 3 0 1.48406 0.239761 0.141196 4250
1 3 0 0.732275 0.439162 0.116587 4249
1 3 0 -0.451936 0.301122 0.139485 4248
1 3 0 -1.75052 -0.104658 0.126255 4247
1 3 0 1.24483 -0.0942223 -0.425347 4246
1 3 0 -0.743734 -0.414386 -0.149215 4245
1 3 0 1.77226 0.134185 0.186963 4244
1 3 0 -0.478138 -0.0647451 0.202085 4243
1 3 0 0.566577 -0.272952 0.100928 4242
1 3 0 1.18427 0.432763 -0.0704041 4241
1 3 0 0.547059 -0.205416 0.322789 4240
1 3 0 -0.818687 -0.264315 -0.0304907 4239
1 3 0 0.589128 0.28597 0.34814 4238
1 3 0 -0.386403 0.0297746 -0.480601 4237
1 3 0 -1.11945 0.347551 0.216122 4236
1 3 0 0.567227 0.111295 0.0827142 4235
1 3 0 0.47808 -0.0426646 -0.221701 4234
1 3 0 0.0979357 -0.246571 0.411648 4233
1 3 0 -1.56424 -0.0990085 -0.398558 4232
1 3 0 -0.761276 0.241902 -0.399767 4231
1 3 0 -0.809738 0.232641 0.142972 4230
1 3 0 1.57924 -0.332664 0.168414 4229
1 3 0 -1.19034 -0.202441 0.40326 4228
1 3 0 -0.478853 0.258377 0.145745 4227
1 3 0 0.343179 0.0214966 -0.340022 4226
1 3 0 -1.34449 -0.0359444 -0.259649 4225
1 3 0 1.19236 0.452546 -0.00201486 4224
1 3 0 0.888334 -0.125113 -0.262416 4223
1 3 0 -1.17628 4.50342e-05 0.309142 4222
1 3 0 1.26739 0.378715 -0.280857 4221
1 3 0 -0.737101 -0.341105 -0.118799 4220
1 3 0 -1.30438 0.334324 -0.226929 4219
1 3 0 1.64601 -0.354899 0.300124 4218
1 3 0 -0.89392 0.343024 -0.0482112 4217
1 3 0 1.37903 -0.191479 -0.0228948 4216
1 3 0 1.74354 0.10903 0.322243 4215
1 3 0 1.26349 -0.358774 0.115742 4214
1 3 0 0.0136947 -0.24499 0.18909 4213
1 3 0 1.0142 -0.0541226 0.153678 4212
1 3 0 -1.47798 0.174109 -0.330519 4211
1 3 0 0.599508 -0.168097 -0.429774 4210
1 3 0 -0.186583 -0.182402 0.0527811 4209
1 3 0 1.79904 -0.199515 -0.0443255 4208
1 3 0 1.01007 -0.223266 0.311834 4207
1 3 0 1.74919 0.360529 -0.209633 4206
1 3 0 1.10877 -0.494011 0.0331532 4205
1 3 0 -1.2172 0.0335819 0.261185 4204
1 3 0 -0.764957 -0.335956 0.0213888 4203
1 3 0 0.112944 0.262849 -0.253519 4202
1 3 0 1.47361 0.0271258 0.159642 4201
1 3 0 0.934087 -0.491237 -0.0275585 4200
1 3 0 -0.872447 -0.0142708 -0.414925 4199
1 3 0 -0.567168 0.153171 -0.122411 4198
1 3 0 1.6952 -0.0403178 -0.398979 4197
1 3 0 -0.502911 0.0482399 0.0922889 4196
1 3 0 0.270907 -0.372162 0.225754 4195
1 3 0 -0.104684 0.33323 0.180261 4194
1 3 0 0.841005 -0.0269264 -0.409198 4193
1 3 0 1.41458 0.423111 0.028304 4192
1 3 0 0.733292 -0.255097 0.197658 4191
1 3 0 0.0684451 0.114914 0.0124815 4190
1 3 0 1.33478 -0.0407135 -0.0572575 4189
1 3 0 -0.0733356 -0.0150942 0.346871 4188
1 3 0 -1.49481 -0.0964419 0.167679 4187
1 3 0 -0.345618 0.27603 -0.180173 4186
1 3 0 0.829402 -0.015348 -0.278912 4185
1 3 0 1.58406 0.229104 0.378913 4184
1 3 0 -1.11375 -0.114795 -0.0951312 4183
1 3 0 -0.893885 0.196284 0.264865 4182
1 3 0 1.7064 0.0389199 -0.27237 4181
1 3 0 -1.01058 0.312427 0.12948 4180
1 3 0 0.987875 0.131323 -0.334047 4179
1 3 0 -1.2889 -0.0668729 0.396517 4178
1 3 0 1.70024 0.276389 0.22386 4177
1 3 0 0.440878 -0.125897 -0.417698 4176
1 3 0 -1.57727 0.134722 0.328584 4175
1 3 0 0.4801 0.0313334 -0.233614 4174
1 3 0 -1.31841 -0.0718068 -0.065303 4173
1 3 0 -0.215618 -0.0210989 -0.393396 4172
1 3 0 0.141925 -0.159809 0.370327 4171
1 3 0 0.51786 0.126006 -0.429471 4170
1 3 0 1.40064 -0.187266 0.37332 4169
1 3 0 0.238545 -0.207193 -0.255038 4168
1 3 0 -0.421806 0.0851597 -0.451976 4167
1 3 0 -1.80064 -0.337806 0.17088 4166
1 3 0 1.32208 0.175113 0.358445 4165
1 3 0 -0.634547 0.100433 -0.277169 4164
1 3 0 -0.537273 0.0897801 0.125795 4163
1 3 0 -1.86876 0.000547733 -0.191714 4162
1 3 0 -0.724829 0.411643 -0.0482144 4161
1 3 0 1.33238 -0.312985 -0.0683205 4160
1 3 0 -0.971118 -0.0413908 -0.0549081 4159
1 3 0 1.71844 -0.154382 -0.282036 4158
1 3 0 -1.68886 0.229545 -0.147076 4157
1 3 0 0.326658 -0.106818 0.148165 4156
1 3 0 -1.7456 -0.174299 -0.0469989 4155
1 3 0 -0.985811 0.27809 0.240744 4154
1 3 0 1.1228 0.124982 0.470055 4153
1 3 0 1.40092 -0.438626 0.0390495 4152
1 3 0 -0.878548 -0.161472 -0.189853 4151
1 3 0 -1.51046 0.0754754 -0.411282 4150
1 3 0 -1.11403 -0.22349 -0.19456 4149
1 3 0 -0.646661 -0.271126 0.0697151 4148
1 3 0 1.43557 -0.220951 -0.395261 4147
1 3 0 -1.46953 -0.127697 0.350969 4146
1 3 0 -0.893146 -0.432821 -0.170864 4145
1 3 0 1.72251 -0.166136 0.153839 4144
1 3 0 -0.649449 0.235623 0.161255 4143
1 3 0 -1.60894 0.151206 -0.0486107 4142
1 3 0 1.35606 -0.340393 0.0306617 4141
1 3 0 1.82387 0.309752 -0.155034 4140
1 3 0 -0.241422 -0.0793855 0.247699 4139
1 3 0 1.37794 -0.181345 -0.249831 4138
1 3 0 -1.22947 0.450656 -0.159758 4137
1 3 0 0.718761 -0.18212 0.402599 4136
1 3 0 1.63725 0.0691646 -0.00518103 4135
1 3 0 -0.214111 -0.366805 -0.20877 4134
1 3 0 1.69891 0.13393 0.309202 4133
1 3 0 -0.665221 0.271259 -0.178499 4132
1 3 0 0.218201 -0.322391 -0.139027 4131
1 3 0 1.11663 0.154075 0.262528 4130
1 3 0 -1.69279 0.240161 0.27487 4129
1 3 0 0.981623 -0.264638 0.106357 4128
1 3 0 -0.252067 0.418721 0.0696135 4127
1 3 0 -0.806022 0.323673 0.0114259 4126
1 3 0 1.44553 -0.293969 0.38993 4125
1 3 0 -0.259933 0.202231 -0.277755 4124
1 3 0 -0.637807 0.363721 -0.0403161 4123
1 3 0 1.9651 0.0129177 0.17515 4122
1 3 0 0.675524 0.0656489 -0.323009 4121
1 3 0 0.179797 -0.0982025 -0.0762007 4120
1 3 0 0.53721 0.0214896 -0.00113933 4119
1 3 0 -0.809215 0.0579535 -0.407562 4118
1 3 0 -0.532924 -0.101896 0.16434 4117
1 3 0 0.617935 -0.170469 0.307195 4116
1 3 0 -1.42413 -0.210926 0.371723 4115
1 3 0 1.50792 -0.207842 0.236006 4114
1 3 0 1.01199 -0.228722 0.280851 4113
1 3 0 -1.48613 0.15011 0.374255 4112
1 3 0 -0.57924 0.316994 -0.0554561 4111
1 3 0 1.59025 0.286894 -0.156022 4110
1 3 0 -1.05733 0.328621 0.0392444 4109
1 3 0 -0.197343 0.278418 -0.101598 4108
1 3 0 1.50486 -0.0692524 0.134431 4107
1 3 0 -0.539386 0.400892 -0.162837 4106
1 3 0 -0.600464 0.156276 0.115483 4105
1 3 0 -1.16081 -0.0550689 0.227053 4104
1 3 0 -0.0925604 -0.241778 -0.414546 4103
1 3 0 1.08236 0.20313 -0.0285353 4102
1 3 0 0.901388 0.0673871 -0.123454 4101
1 3 0 0.994463 0.217138 -0.316181 4100
1 3 0 -1.8381 0.169549 0.168276 4099
1 3 0 0.764104 0.190684 0.00338948 4098
1 3 0 -1.77163 -0.0758027 0.0002781 4097
1 3 0 -1.41818 -0.29303 0.0697441 4096
1 3 0 0.183182 -0.433491 0.0659548 4095
1 3 0 0.51476 0.429676 -0.0962642 4094
1 3 0 0.589227 0.352851 0.2152 4093
1 3 0 0.296874 -0.115937 0.2011 4092
1 3 0 -1.56139 0.378576 -0.148777 4091
1 3 0 0.495143 -0.324962 0.210164 4090
1 3 0 1.35546 0.133239 -0.0751979 4089
1 3 0 1.6984 0.188816 0.289067 4088
1 3 0 1.39522 0.313389 0.0719298 4087
1 3 0 0.357753 0.202549 -0.436782 4086
1 3 0 0.338314 0.35244 0.34452 4085
1 3 0 0.735838 0.0759924 -0.469138 4084
1 3 0 -0.215578 -0.399433 0.05083 4083
1 3 0 -1.08917 -0.159694 0.2297 4082
1 3 0 1.22011 0.066569 -0.331879 4081
1 3 0 -1.58964 0.209374 -0.207146 4080
1 3 0 1.26966 -0.0813565 -0.0175655 4079
1 3 0 1.1212 0.318221 0.0281408 4078
1 3 0 0.0596066 0.224342 0.114126 4077
1 3 0 -1.65104 0.0882983 -0.121317 4076
1 3 0 0.766513 -0.0285107 0.0357464 4075
1 3 0 0.551262 0.0877809 -0.353102 4074
1 3 0 1.08941 -0.211449 -0.252776 4073
1 3 0 1.26629 -0.219885 -0.178456 4072
1 3 0 -0.137048 0.0393449 0.00117178 4071
1 3 0 -0.327249 -0.265841 -0.316849 4070
1 3 0 1.02048 0.0115514 0.0882525 4069
1 3 0 -0.83784 0.49085 0.0355401 4068
1 3 0 0.917845 -0.0401815 -0.0301329 4067
1 3 0 -0.593293 0.305078 0.0168902 4066
1 3 0 1.51768 0.405792 -0.25966 4065
1 3 0 0.0388345 0.162217 0.187826 4064
1 3 0 1.36877 0.0992693 0.445734 4063
1 3 0 -0.869038 -0.315208 -0.128874 4062
1 3 0 -0.753175 -0.191743 0.148987 4061
1 3 0 -1.11978 -0.212451 0.055356 4060
1 3 0 -1.06325 0.019886 0.392597 4059
1 3 0 1.52972 0.170736 0.0602375 4058
1 3 0 -0.459096 -0.260052 0.391415 4057
1 3 0 1.12103 -0.0494225 -0.478989 4056
1 3 0 0.32084 0.303928 -0.0385343 4055
1 3 0 -1.09854 0.12134 -0.310863 4054
1 3 0 0.660474 -0.271434 0.0515313 4053
1 3 0 1.42648 -0.336419 -0.066691 4052
1 3 0 1.90418 0.0584702 0.262797 4051
1 3 0 -1.73586 -0.201031 0.114642 4050
1 3 0 -0.340781 0.0299183 -0.0704317 4049
1 3 0 -0.457053 0.178691 0.357364 4048
1 3 0 1.86127 -0.251235 0.0941373 4047
1 3 0 0.976766 0.134785 -0.439867 4046
1 3 0 -0.799983 0.138536 0.165994 4045
1 3 0 0.257084 -0.174727 0.398272 4044
1 3 0 0.458268 -0.135907 0.0585243 4043
1 3 0 -1.13854 -0.380378 0.0452327 4042
1 3 0 -0.437091 0.225407 -0.204084 4041
1 3 0 1.20648 0.248964 -0.182665 4040
1 3 0 -0.719708 -0.305067 -0.294578 4039
1 3 0 -0.572565 0.254651 -0.31541 4038
1 3 0 -0.779182 -0.160462 -0.412061 4037
1 3 0 -0.627769 -0.0587092 0.434892 4036
1 3 0 0.789048 0.0714603 0.17318 4035
1 3 0 0.769855 0.109282 -0.240145 4034
1 3 0 1.65501 0.376129 0.240115 4033
1 3 0 -0.246013 0.108166 -0.23 4032
1 3 0 -1.01645 0.184444 0.243309 4031
1 3 0 0.0489274 0.0415265 -0.475012 4030
1 3 0 -0.306364 -0.297579 -0.0606954 4029
1 3 0 -1.66383 0.187233 0.247094 4028
1 3 0 1.22199 -0.109088 0.0557865 4027
1 3 0 -0.122868 -0.219353 0.0352991 4026
1 3 0 0.412009 0.0673292 0.458423 4025
1 3 0 1.45379 -0.206839 -0.299459 4024
1 3 0 0.851918 -0.0814243 -0.490174 4023
1 3 0 -1.09236 -0.34278 -0.325219 4022
1 3 0 0.929717 -0.203502 -0.348752 4021
1 3 0 0.519368 0.335957 0.0785387 4020
1 3 0 1.50681 0.398019 -0.0337062 4019
1 3 0 -0.187384 -0.0583507 -0.241279 4018
1 3 0 -0.184048 0.0382076 0.119288 4017
1 3 0 0.293516 0.187375 0.00169929 4016
1 3 0 0.356462 -0.232098 0.203205 4015
1 3 0 -1.49884 0.397563 0.218704 4014
1 3 0 0.49388 0.0280923 0.246024 4013
1 3 0 -0.454619 0.149362 -0.0648071 4012
1 3 0 1.55241 0.0779005 -0.241821 4011
1 3 0 -0.38737 -0.288122 0.0157081 4010
1 3 0 0.403201 0.17266 0.327316 4009
1 3 0 -1.77276 -0.258841 0.305982 4008
1 3 0 0.785772 0.19346 0.0464873 4007
1 3 0 -1.54912 0.232318 -0.0469428 4006
1 3 0 -0.0756658 0.143614 0.00418025 4005
1 3 0 -0.208424 -0.379836 -0.172457 4004
1 3 0 0.399906 -0.0974835 0.0751748 4003
1 3 0 -1.2918 -0.440887 -0.0870124 4002
1 3 0 -0.147558 0.139398 -0.11612 4001
